Difficulty
2
Resolution
1600 900
Statistics
2 150 35.637703 Artur
Platform
360.000000 887.000000 10.000000
Ball
755.263611 411.447174 6.043907 -7.966881
Obstacle
5.714286 52.125000 102.857140 57.000000 1
Obstacle
120.000000 52.125000 102.857147 57.000000 1
Obstacle
234.285706 52.125000 102.857147 57.000000 1
Obstacle
348.571442 52.125000 102.857147 57.000000 1
Obstacle
462.857147 52.125000 102.857147 57.000000 1
Obstacle
577.142822 52.125000 102.857117 57.000000 1
Obstacle
691.428589 52.125000 102.857117 57.000000 1
Obstacle
805.714294 52.125000 102.857117 57.000000 1
Obstacle
920.000000 52.125000 102.857117 57.000000 1
Obstacle
1034.285645 52.125000 102.857178 57.000000 1
Obstacle
1148.571411 52.125000 102.857178 57.000000 1
Obstacle
1262.857056 52.125000 102.857178 57.000000 1
Obstacle
1377.142944 52.125000 102.857178 57.000000 1
Obstacle
1491.428589 52.125000 102.857178 57.000000 1
Obstacle
5.714286 123.375000 102.857140 57.000000 1
Obstacle
120.000000 123.375000 102.857147 57.000000 1
Obstacle
234.285706 123.375000 102.857147 57.000000 1
Obstacle
348.571442 123.375000 102.857147 57.000000 1
Obstacle
462.857147 123.375000 102.857147 57.000000 1
Obstacle
577.142822 123.375000 102.857117 57.000000 1
Obstacle
691.428589 123.375000 102.857117 57.000000 1
Obstacle
805.714294 123.375000 102.857117 57.000000 1
Obstacle
920.000000 123.375000 102.857117 57.000000 1
Obstacle
1034.285645 123.375000 102.857178 57.000000 1
Obstacle
1148.571411 123.375000 102.857178 57.000000 1
Obstacle
1262.857056 123.375000 102.857178 57.000000 1
Obstacle
1377.142944 123.375000 102.857178 57.000000 1
Obstacle
1491.428589 123.375000 102.857178 57.000000 1
Obstacle
5.714286 194.625000 102.857140 57.000000 1
Obstacle
120.000000 194.625000 102.857147 57.000000 1
Obstacle
234.285706 194.625000 102.857147 57.000000 1
Obstacle
348.571442 194.625000 102.857147 57.000000 1
Obstacle
462.857147 194.625000 102.857147 57.000000 1
Obstacle
577.142822 194.625000 102.857117 57.000000 1
Obstacle
691.428589 194.625000 102.857117 57.000000 1
Obstacle
805.714294 194.625000 102.857117 57.000000 1
Obstacle
920.000000 194.625000 102.857117 57.000000 1
Obstacle
1034.285645 194.625000 102.857178 57.000000 1
Obstacle
1148.571411 194.625000 102.857178 57.000000 1
Obstacle
1262.857056 194.625000 102.857178 57.000000 1
Obstacle
1377.142944 194.625000 102.857178 57.000000 1
Obstacle
1491.428589 194.625000 102.857178 57.000000 1
Obstacle
5.714286 265.875000 102.857140 57.000000 1
Obstacle
120.000000 265.875000 102.857147 57.000000 1
Obstacle
234.285706 265.875000 102.857147 57.000000 1
Obstacle
348.571442 265.875000 102.857147 57.000000 1
Obstacle
462.857147 265.875000 102.857147 57.000000 1
Obstacle
577.142822 265.875000 102.857117 57.000000 1
Obstacle
691.428589 265.875000 102.857117 57.000000 1
Obstacle
805.714294 265.875000 102.857117 57.000000 0
Obstacle
920.000000 265.875000 102.857117 57.000000 1
Obstacle
1034.285645 265.875000 102.857178 57.000000 1
Obstacle
1148.571411 265.875000 102.857178 57.000000 1
Obstacle
1262.857056 265.875000 102.857178 57.000000 1
Obstacle
1377.142944 265.875000 102.857178 57.000000 1
Obstacle
1491.428589 265.875000 102.857178 57.000000 1
Obstacle
5.714286 337.125000 102.857140 57.000000 1
Obstacle
120.000000 337.125000 102.857147 57.000000 0
Obstacle
234.285706 337.125000 102.857147 57.000000 1
Obstacle
348.571442 337.125000 102.857147 57.000000 1
Obstacle
462.857147 337.125000 102.857147 57.000000 1
Obstacle
577.142822 337.125000 102.857117 57.000000 1
Obstacle
691.428589 337.125000 102.857117 57.000000 1
Obstacle
805.714294 337.125000 102.857117 57.000000 0
Obstacle
920.000000 337.125000 102.857117 57.000000 0
Obstacle
1034.285645 337.125000 102.857178 57.000000 1
Obstacle
1148.571411 337.125000 102.857178 57.000000 1
Obstacle
1262.857056 337.125000 102.857178 57.000000 1
Obstacle
1377.142944 337.125000 102.857178 57.000000 1
Obstacle
1491.428589 337.125000 102.857178 57.000000 1
Obstacle
5.714286 408.375000 102.857140 57.000000 0
Obstacle
120.000000 408.375000 102.857147 57.000000 0
Obstacle
234.285706 408.375000 102.857147 57.000000 0
Obstacle
348.571442 408.375000 102.857147 57.000000 0
Obstacle
462.857147 408.375000 102.857147 57.000000 0
Obstacle
577.142822 408.375000 102.857117 57.000000 1
Obstacle
691.428589 408.375000 102.857117 57.000000 0
Obstacle
805.714294 408.375000 102.857117 57.000000 0
Obstacle
920.000000 408.375000 102.857117 57.000000 0
Obstacle
1034.285645 408.375000 102.857178 57.000000 1
Obstacle
1148.571411 408.375000 102.857178 57.000000 0
Obstacle
1262.857056 408.375000 102.857178 57.000000 1
Obstacle
1377.142944 408.375000 102.857178 57.000000 0
Obstacle
1491.428589 408.375000 102.857178 57.000000 0
